46
809
923
778
793
238
712
515
658
823
835
710
749
134
812
925
276
386
13
341
481
211
92
832
105
797
932
152
123
540
6
271
228
79
733
27
586
883
172
88
340
55
465
398
585
812
347
374
462
166
910
675
149
653
80
680
876
864
259
124
799
608
98
951
615
151
802
680
857
901
3
637
493
926
636
350
881
699
458
474
409
246
336
922
370
581
335
608
11
928
50
978
453
22
298
711
794
267
44
460
534
797
61
272
874
892
707
230
72
537
405
309
221
872
75
237
208
176
239
172
795
670
9
504
717
908
975
130
711
54
494
333
882
282
927
555
983
479
915
670
524
866
862
72
901
995
71
33
350
796
612
463
399
8
951
886
41
606
680
787
605
892
219
972
846
377
644
718
355
688
145
576
974
148
87
500
534
986
576
302
504
652
104
502
691
423
286
218
882
579
320
48
393
202
758
951
943
928
310
295
133
698
331
859
91
815
822
39
833
749
591
455
30
117
727
256
439
19
478
595
599
442
997
187
596
141
597
792
780
266
713
783
564
839
255
636
749
963
926
39
274
228
812
487
348
364
936
708
63
212
191
591
906
591
127
491
141
339
483
204
871
465
890
997
675
465
372
875
534
209
648
139
7
854
920
968
384
830
632
273
132
793
207
952
66
162
35
22
234
468
750
15
161
93
818
580
449
125
129
723
365
678
21
547
701
845
634
679
176
979
848
107
296
69
442
960
311
519
58
248
582
403
929
486
390
396
279
718
449
794
251
980
476
292
188
112
315
529
860
114
743
368
776
195
850
943
483
625
916
201
426
452
579
786
961
15
488
373
830
947
645
189
551
99
388
578
497
221
720
885
588
692
903
81
615
202
355
997
259
439
483
596
490
415
683
371
644
964
796
161
884
458
247
145
895
62
267
16
998
173
511
552
847
651
108
975
444
560
149
173
365
986
271
182
26
84
471
696
736
107
974
614
930
800
155
235
446
286
822
199
670
882
20
282
641
703
887
513
271
819
100
933
649
407
922
681
426
112
819
94
689
652
933
858
711
437
540
740
500
184
386
668
719
695
824
882
811
771
142
867
299
143
425
120
401
75
551
44
141
963
209
913
871
904
365
244
495
19
971
883
225
967
44
182
830
190
487
93
577
456
370
52
396
927
887
268
517
753
493
521
680
58
879
951
136
585
69
25
923
5
624
826
407
772
628
293
420
140
728
815
196
470
403
807
99
443
732
795
35
789
931
52
727
477
682
118
539
844
863
773
479
585
817
16
244
826
427
694
834
949
205
899
49
971
331
289
661
400
57
711
873
668
94
42
557
425
267
993
49
647
569
1
823
579
153
65
263
320
243
626
128
215
684
519
247
320
827
954
378
553
434
208
88
387
402
16
507
403
272
496
750
12
555
454
322
954
529
25
651
43
121
709
269
410
163
608
451
999
292
867
595
88
990
473
406
285
825
464
378
835
570
484
550
162
812
37
693
385
934
758
413
265
691
559
807
824
608
373
580
506
852
786
932
194
688
713
410
817
438
410
129
312
452
202
146
626
745
974
580
212
485
511
495
768
361
323
176
595
147
227
491
85
329
623
161
680
104
452
854
489
33
992
15
418
890
362
603
224
431
701
408
980
428
343
827
686
213
353
902
616
583
674
361
711
821
31
285
614
52
207
228
624
734
411
876
358
807
280
174
232
715
522
717
262
822
358
709
876
952
81
412
976
739
490
913
374
625
236
539
737
766
197
878
861
32
16
972
293
85
561
919
156
435
3
823
690
747
241
558
459
552
701
579
187
691
694
980
244
842
687
110
873
469
217
573
324
308
855
551
771
902
606
990
869
8
477
330
37
408
751
239
362
994
194
972
967
150
433
947
189
501
334
56
531
846
562
477
19
396
570
761
243
692
985
991
320
585
993
554
132
623
429
31
643
237
50
385
538
826
644
151
919
733
73
848
477
871
68
841
80
405
70
898
25
787
368
6
370
186
146
447
287
611
443
893
20
108
43
637
596
64
505
141
197
244
334
335
99
963
593
704
211
571
476
812
17
617
249
327
527
238
926
564
260
715
793
685
954
423
796
260
946
848
902
285
136
211
258
874
332
829
348
539
623
252
253
86
592
672
232
375
859
926
182
733
241
276
762
346
374
493
322
175
793
532
509
861
94
480
761
768
790
296
311
340
344
989
142
411
208
300
506
267
918
204
606
397
257
636
476
109
115
91
823
929
313
849
452
568
802
915
730
138
30
455
589
290
492
12
17
970
701
264
113
620
809
788
446
904
221
112
610
799
713
551
615
295
852
986
620
665
930
785
732
583
424
702
367
993
114
704
377
633
730
241
396
372
135
806
122
509
50
280
672
538
619
957
542
731
941
59
571
554
108
104
337
873
563
771
500
868
213
456
255
377
781
348
133
367
696
25
784
735
413
108
8
185
603
389
956
636
866
25
667
296
544
510
418
379
478
961
410
413
912
469
758
733
798
565
793
98
447
291
491
546
454
683
923
865
276
56
57
659
512
329
606
599
927
674
723
974
378
489
848
664
part #1:  557700
